0 754 southeast_cancer_data ObjectID
1798 1949         83735.1261
1798 1846         82129.2294
1798 1882         58024.8281
1798 1878         52457.1604
1798 1920         80499.8198
1798 1896         51046.0332
1798 1847         45713.8481
1798 1876         25839.2591
1798 1802         40752.2768
1798 1864         72393.0842
1800 1876         80972.4762
1800 1803         77647.8433
1800 1801         37496.2877
1800 1848          65889.199
1800 1938         69757.1234
1800 1864         35096.7779
1800 1882         60243.8084
1800 1802         45976.7207
1800 1873         40549.7491
1800 1879         66589.8237
1801 1938         74467.8427
1801 1928         69141.1396
1801 1838         71542.8511
1801 1879         38067.2235
1801 1864          60842.165
1801 1803         41420.9728
1801 1873         44061.3085
1801 1848         28512.1846
1801 1800         37496.2877
1801 1870         50976.2894
1802 1938         80030.5835
1802 1878         78233.2623
1802 1896         61762.7855
1802 1876          38670.672
1802 1949           77394.45
1802 1800         45976.7207
1802 1882         38786.4158
1802 1864         37479.3394
1802 1798         40752.2768
1802 1873          65526.711
1803 1800         77647.8433
1803 1837         67597.3046
1803 1879         49564.6899
1803 1801         41420.9728
1803 1923         62937.2441
1803 1838         35454.6352
1803 1805         40973.0588
1803 1848         20849.1657
1803 1870         31395.6561
1803 1883         62756.2199
1805 1929         69610.2792
1805 1923         68130.5983
1805 1870         49481.9918
1805 1883         45463.4349
1805 1820         58645.2267
1805 1803         40973.0588
1805 1806         42497.9723
1805 1838          24186.135
1805 1837         32593.3173
1805 1848         57385.4255
1806 1803         83460.9105
1806 1929         77739.0303
1806 1883         59607.9904
1806 1811         52939.0024
1806 1913          67683.079
1806 1805         42497.9723
1806 1838         58134.2162
1806 1820          23778.754
1806 1837         30167.8669
1806 1877         60489.5446
1808 1930         68927.7837
1808 1874         63745.1159
1808 1886         59884.7146
1808 1893         45891.1473
1808 1872          61234.954
1808 1809         41387.8535
1808 1818         57989.2833
1808 1843          29244.391
1808 1865         29935.1508
1808 1921         57716.1647
1809 1821         65227.6718
1809 1893         64275.1112
1809 1865         61010.7431
1809 1886         42656.8209
1809 1926         62483.1111
1809 1819         31661.3252
1809 1874         28942.0473
1809 1808         41387.8535
1809 1843         30529.6351
1809 1921         56977.0493
1811 1837         70818.9312
1811 1908         70360.7199
1811 1866         61435.8706
1811 1806         52939.0024
1811 1913         69394.8401
1811 1885          44083.532
1811 1820         38695.9315
1811 1815         31814.5461
1811 1877         35352.8041
1811 1935         64295.8068
1813 1808         82549.6579
1813 1910         66887.2311
1813 1865         69811.6595
1813 1872         51601.6093
1813 1866         60772.8316
1813 1814         39147.4387
1813 1880         33699.9144
1813 1818         26676.6272
1813 1871         37628.2988
1813 1909         55558.3876
1814 1811         75524.1673
1814 1885         63149.0778
1814 1818         64292.9413
1814 1815         44607.1257
1814 1908         59523.4957
1814 1866         27057.1361
1814 1880         46135.2481
1814 1871         27012.6286
1814 1813         39147.4387
1814 1909         51968.6409
1815 1909         74522.2462
1815 1935         69560.8325
1815 1820         69968.3354
1815 1885         31867.4205
1815 1871         58840.1304
1815 1814         44607.1257
1815 1908         49139.7014
1815 1866         30441.1588
1815 1811         31814.5461
1815 1877         53695.1807
1818 1814         64292.9413
1818 1909         62025.0832
1818 1871         54150.5765
1818 1808         57989.2833
1818 1910         59358.1081
1818 1865         43150.1358
1818 1872         30981.5571
1818 1880         37813.9163
1818 1813         26676.6272
1818 1893         59181.6066
1819 1822         73059.6405
1819 1808         72961.4469
1819 1843         58581.1058
1819 1886         55208.0907
1819 1944         64348.5925
1819 1809         31661.3252
1819 1821         34162.7895
1819 1874          28788.121
1819 1868         39759.7376
1819 1926         53998.6812
1820 1935         69058.6534
1820 1929         68562.6114
1820 1838         66698.5954
1820 1913         47729.8437
1820 1805         58645.2267
1820 1837         32148.3328
1820 1811         38695.9315
1820 1806          23778.754
1820 1877         36960.0659
1820 1883         57116.3231
1821 1831         80709.9782
1821 1941         79928.3913
1821 1874         58893.7076
1821 1809         65227.6718
1821 1926         71277.5277
1821 1868         32344.5983
1821 1887          55866.809
1821 1819         34162.7895
1821 1822         40442.0157
1821 1944         64131.4974
1822 1945         81610.1254
1822 1944         70658.4119
1822 1819         73059.6405
1822 1868         48694.3906
1822 1941         69881.5944
1822 1894         50365.4677
1822 1831         40630.7772
1822 1821         40442.0157
1822 1887         28736.5708
1822 1942         55783.8473
1825 1899         92537.8418
1825 1827         85439.0915
1825 1829         59296.3143
1825 1994         48268.0406
1825 1956         80180.2982
1825 1881         58248.3138
1825 1842         25618.7563
1825 1875         42380.4773
1825 1828         16508.6381
1825 1957         67537.7427
1826 1891         88144.4454
1826 1881         78112.2981
1826 1922         60019.8308
1826 1931         71028.5272
1826 1907         73242.8249
1826 1827         38179.4041
1826 1830         63260.4764
1826 1829         63831.6788
1826 1840         29164.7788
1826 1899         55766.5318
1827 1956         70688.1044
1827 1828         68982.1463
1827 1842         61832.3476
1827 1840         61026.3739
1827 1931         59594.3038
1827 1826         38179.4041
1827 1881         41712.4643
1827 1829         27836.7369
1827 1875         51966.6862
1827 1899         33508.3937
1828 1899         77932.2387
1828 1956         71857.0313
1828 1827         68982.1463
1828 1829         42833.5262
1828 1957         66259.0279
1828 1881         44717.0787
1828 1842         12333.7098
1828 1825         16508.6381
1828 1875         29709.9057
1828 1994         60610.4551
1829 1931         77197.7458
1829 1956         70154.8903
1829 1826         63831.6788
1829 1825         59296.3143
1829 1899          49740.341
1829 1827         27836.7369
1829 1842         38264.8982
1829 1828         42833.5262
1829 1881         34003.1612
1829 1875         35067.8744
1830 1902         80652.3597
1830 1973         79727.5609
1830 1835         78147.6611
1830 1834         50463.9739
1830 1922         71711.5451
1830 1907         49787.0158
1830 1826         63260.4764
1830 1836         27427.8979
1830 1891         39052.2083
1830 1840         44102.7211
1831 1898          85605.079
1831 1832         80990.1647
1831 1887         47402.1244
1831 1821         80709.9782
1831 1945         67999.4654
1831 1894         30624.0077
1831 1833          41760.648
1831 1897         54653.1813
1831 1822         40630.7772
1831 1942          59738.425
1832 1836         83335.2021
1832 1831         80990.1647
1832 1834         62051.9064
1832 1897         53929.7623
1832 1967         77986.6119
1832 1833         39230.2771
1832 1898         40061.4959
1832 1835         32257.8151
1832 1901         42481.4372
1832 1902         57923.4843
1833 1822         82384.2463
1833 1945         78239.7155
1833 1898          52201.658
1833 1835         71487.8896
1833 1962          76964.094
1833 1897         35993.9259
1833 1894         52940.8396
1833 1831          41760.648
1833 1832         39230.2771
1833 1901         69886.4165
1834 1898         73120.6722
1834 1907         71366.3942
1834 1832         62051.9064
1834 1891         41610.1115
1834 1830         50463.9739
1834 1932         57489.1986
1834 1835         30546.6469
1834 1836         23196.2212
1834 1901         50236.3176
1834 1902         36289.1433
1835 1830         78147.6611
1835 1932         73474.6834
1835 1833         71487.8896
1835 1836         51090.5885
1835 1891         71337.4898
1835 1902          41122.872
1835 1834         30546.6469
1835 1901         39585.1237
1835 1832         32257.8151
1835 1898         54568.2881
1836 1832         83335.2021
1836 1901         72854.0339
1836 1840         69337.8359
1836 1835         51090.5885
1836 1932         68061.1666
1836 1907         58884.5092
1836 1834         23196.2212
1836 1891         33686.3966
1836 1830         27427.8979
1836 1902         56261.1093
1837 1923         63675.8056
1837 1877         61996.3723
1837 1838         34719.5895
1837 1929         48842.0612
1837 1870         61112.7857
1837 1820         32148.3328
1837 1883         29441.3485
1837 1805         32593.3173
1837 1806         30167.8669
1837 1913         51057.5228
1838 1879         60168.8166
1838 1806         58134.2162
1838 1837         34719.5895
1838 1848         43464.9207
1838 1929         51578.5515
1838 1883         28597.9755
1838 1805          24186.135
1838 1803         35454.6352
1838 1870         28069.9406
1838 1923         44118.4721
1840 1836         69337.8359
1840 1931         68162.5894
1840 1907         44194.8873
1840 1973         66418.3672
1840 1899         64479.9899
1840 1830         44102.7211
1840 1922         38979.3704
1840 1827         61026.3739
1840 1826         29164.7788
1840 1891         60399.8588
1842 1899         66940.0751
1842 1827         61832.3476
1842 1957         56945.1778
1842 1829         38264.8982
1842 1994         61544.8163
1842 1881         32936.8168
1842 1825         25618.7563
1842 1875         17496.0305
1842 1828         12333.7098
1842 1956         59746.0675
1843 1926         65093.4522
1843 1930         47346.5648
1843 1819         58581.1058
1843 1865         33617.8729
1843 1893         33747.2962
1843 1874         39908.3252
1843 1809         30529.6351
1843 1886         30677.2471
1843 1808          29244.391
1843 1921         31980.4286
1844 2014         95167.5458
1844 1981         85264.2485
1844 1851         82289.5233
1844 1846         70289.1494
1844 1950         81259.6831
1844 1906         31499.2951
1844 1959         64880.6359
1844 1845         31345.8753
1844 1903         62937.5633
1844 1951         65888.3542
1845 1988         87356.9096
1845 1981         86443.9298
1845 1951          60009.628
1845 1847         76307.4496
1845 1959         79268.3458
1845 1844         31345.8753
1845 1846         39443.9532
1845 1903         44187.8807
1845 1906         40865.0319
1845 1920         75796.9833
1846 1979         77076.7969
1846 1988         76983.1759
1846 1844         70289.1494
1846 1878         63441.8618
1846 1906         68357.3403
1846 1903         38546.2677
1846 1920         43067.2556
1846 1847         37562.4503
1846 1845         39443.9532
1846 1951         65819.9878
1847 1971         82480.3766
1847 1845         76307.4496
1847 1876         52036.8384
1847 1896         56855.5107
1847 1979         75212.6778
1847 1920         41825.0329
1847 1846         37562.4503
1847 1798         45713.8481
1847 1878         35703.2844
1847 1903         67947.6498
1848 1928         64889.2399
1848 1955         64695.6812
1848 1805         57385.4255
1848 1801         28512.1846
1848 1873         61474.7126
1848 1879            29174.7
1848 1838         43464.9207
1848 1803         20849.1657
1848 1870         23506.9278
1848 1923         53701.6593
1851 1856         99538.3522
1851 1959         97017.1331
1851 1844         82289.5233
1851 1890         72444.7355
1851 1906         95876.8796
1851 1950         74359.7055
1851 1888         29966.6189
1851 1953         62266.2396
1851 1857         56083.1972
1851 2005         90724.4196
1854 1924         89107.2318
1854 2003         87460.8445
1854 1927         49788.9392
1854 1856         77778.5558
1854 1989         79414.1679
1854 1892         43523.8537
1854 1855         47481.7045
1854 1861         68086.1453
1854 1859         31304.4703
1854 1925         52561.2685
1855 2003         95195.9718
1855 1925          94545.567
1855 1890         73944.3964
1855 1857          71022.028
1855 1859         78497.7288
1855 1892         32710.4312
1855 1854         47481.7045
1855 1927          65116.427
1855 1856         38764.3857
1855 1961         74407.4425
1856 2003         84564.1224
1856 1888         83750.9354
1856 1854         77778.5558
1856 1857         45479.5994
1856 1927         69141.2129
1856 1890         36158.8661
1856 1961         47096.6778
1856 1855         38764.3857
1856 1892         39220.3737
1856 1964         66786.6632
1857 2005         91249.6241
1857 1892         83909.5119
1857 1953         66504.0469
1857 1855          71022.028
1857 1964         83831.3119
1857 1890          33501.482
1857 1888         49046.6412
1857 1851         56083.1972
1857 1856         45479.5994
1857 1961         82300.2863
1858 2058         134146.995
1858 2052          126772.51
1858 1924         104757.907
1858 1995         83294.2452
1858 1993         111923.719
1858 1992         97597.2358
1858 1900         39791.2961
1858 1860         64756.0535
1858 1884         60160.7258
1858 1861         105090.998
1859 1999         96429.7836
1859 1855         78497.7288
1859 1860         77443.7212
1859 1924         61712.8025
1859 1989         77684.5794
1859 1892         72038.8808
1859 1854         31304.4703
1859 1925         39381.2514
1859 1861         37035.3322
1859 1927         65717.0707
1860 1995         105149.389
1860 1992         97330.0123
1860 1859         77443.7212
1860 1861          40414.707
1860 1925         89148.7175
1860 1900         73072.3634
1860 1924         54655.8763
1860 1884         39948.9495
1860 1858         64756.0535
1860 1993          85728.126
1861 1927         97911.5836
1861 1989         95977.9712
1861 1854         68086.1453
1861 1925         56144.1793
1861 1999          95554.336
1861 1860          40414.707
1861 1884         65914.6482
1861 1859         37035.3322
1861 1924         44297.2426
1861 1993         88420.9565
1864 1972         70859.0356
1864 1896         66545.4178
1864 1801          60842.165
1864 1876         57279.6557
1864 1949         61328.1144
1864 1800         35096.7779
1864 1873         29521.4726
1864 1882         27201.9133
1864 1802         37479.3394
1864 1938         44018.4054
1865 1809         61010.7431
1865 1886         57719.9848
1865 1921          44172.566
1865 1818         43150.1358
1865 1940         52371.3287
1865 1843         33617.8729
1865 1872         33591.0766
1865 1808         29935.1508
1865 1893         21314.4375
1865 1930         47955.4771
1866 1943         63127.9081
1866 1813         60772.8316
1866 1811         61435.8706
1866 1815         30441.1588
1866 1880         52150.5377
1866 1885         37412.1551
1866 1909         44440.9899
1866 1871         29447.5891
1866 1814         27057.1361
1866 1908         33548.7612
1868 1942          63744.601
1868 1980         60624.0448
1868 1874         47961.1428
1868 1822         48694.3906
1868 1941         51469.4214
1868 1819         39759.7376
1868 1944         31811.0727
1868 1821         32344.5983
1868 1926         44738.8861
1868 1887         44990.7122
1870 1929         57731.6701
1870 1801         50976.2894
1870 1805         49481.9918
1870 1879         32145.5111
1870 1955         49859.5372
1870 1923         31922.7137
1870 1838         28069.9406
1870 1848         23506.9278
1870 1803         31395.6561
1870 1883         43067.4168
1871 1815         58840.1304
1871 1943         54588.9826
1871 1908         48767.9331
1871 1866         29447.5891
1871 1818         54150.5765
1871 1813         37628.2988
1871 1909         25398.3173
1871 1880              22970
1871 1814         27012.6286
1871 1910         52428.8189
1872 1871         61110.1958
1872 1930         57642.9051
1872 1880         38273.6663
1872 1893         38056.9048
1872 1909         55475.9996
1872 1865         33591.0766
1872 1910         37174.3494
1872 1818         30981.5571
1872 1940         37827.2139
1872 1813         51601.6093
1873 1972         65795.8698
1873 1802          65526.711
1873 1882         51939.2736
1873 1801         44061.3085
1873 1848         61474.7126
1873 1928         48824.2652
1873 1879         44182.5601
1873 1864         29521.4726
1873 1938         31735.3354
1873 1800         40549.7491
1874 1821         58893.7076
1874 1944         57963.0302
1874 1868         47961.1428
1874 1843         39908.3252
1874 1952         53356.6142
1874 1819          28788.121
1874 1809         28942.0473
1874 1926         33629.5103
1874 1886         26818.5542
1874 1921         49019.8856
1875 1994         69636.6427
1875 1899         50697.5786
1875 1827         51966.6862
1875 1825         42380.4773
1875 1957         49140.6111
1875 1881         15968.9074
1875 1842         17496.0305
1875 1828         29709.9057
1875 1829         35067.8744
1875 1956         44078.2581
1876 1920         74190.4452
1876 1975         72108.1778
1876 1847         52036.8384
1876 1802          38670.672
1876 1949         57896.0043
1876 1882         36245.5684
1876 1878         39562.6516
1876 1798         25839.2591
1876 1896         27413.9143
1876 1864         57279.6557
1877 1976         63427.5084
1877 1837         61996.3723
1877 1815         53695.1807
1877 1885         40308.4212
1877 1806         60489.5446
1877 1820         36960.0659
1877 1811         35352.8041
1877 1913         37540.3218
1877 1935         33483.6432
1877 1963         53714.1985
1878 1846         63441.8618
1878 1949           61132.41
1878 1798         52457.1604
1878 1876         39562.6516
1878 1979         53914.0517
1878 1975         50504.6852
1878 1847         35703.2844
1878 1896         26631.0698
1878 1920         35914.6499
1878 1971         51646.3377
1879 1938         61515.3072
1879 1838         60168.8166
1879 1955         42882.6487
1879 1923         45326.0808
1879 1803         49564.6899
1879 1848            29174.7
1879 1870         32145.5111
1879 1873         44182.5601
1879 1928         35822.4132
1879 1801         38067.2235
1880 1940         64853.3633
1880 1943         53811.6787
1880 1866         52150.5377
1880 1818         37813.9163
1880 1814         46135.2481
1880 1872         38273.6663
1880 1909         24390.4852
1880 1910         35238.7063
1880 1871              22970
1880 1813         33699.9144
1881 1825         58248.3138
1881 1931          56686.017
1881 1828         44717.0787
1881 1827         41712.4643
1881 1957         52391.0941
1881 1842         32936.8168
1881 1956         36356.8632
1881 1875         15968.9074
1881 1829         34003.1612
1881 1899         34811.5475
1882 1972         64041.7396
1882 1800         60243.8084
1882 1949         39654.3064
1882 1938         50293.1548
1882 1798         58024.8281
1882 1876         36245.5684
1882 1802         38786.4158
1882 1896         39559.9309
1882 1864         27201.9133
1882 1873         51939.2736
1883 1820         57116.3231
1883 1970         56979.7278
1883 1805         45463.4349
1883 1870         43067.4168
1883 1913         49714.4128
1883 1837         29441.3485
1883 1838         28597.9755
1883 1923         35172.1299
1883 1929         24173.3545
1883 1977         49031.1545
1884 1999         88805.9651
1884 2058         88607.6585
1884 1858         60160.7258
1884 1861         65914.6482
1884 1995         66786.5847
1884 1924         47094.0497
1884 1993         54830.7437
1884 1860         39948.9495
1884 1900          44754.069
1884 1992         57705.5669
1885 1871         64082.5989
1885 1814         63149.0778
1885 1877         40308.4212
1885 1811          44083.532
1885 1966         53932.2632
1885 1815         31867.4205
1885 1908         27590.9543
1885 1935         41230.4211
1885 1866         37412.1551
1885 1963         43410.2293
1886 1819         55208.0907
1886 1958         45469.2403
1886 1893         45912.6228
1886 1874         26818.5542
1886 1809         42656.8209
1886 1843         30677.2471
1886 1930         40192.1909
1886 1921         23020.1042
1886 1926         36842.7771
1886 1952         41417.9647
1887 1974         59098.0497
1887 1945         57877.2997
1887 1831         47402.1244
1887 1868         44990.7122
1887 1821          55866.809
1887 1942         27869.4642
1887 1894         37219.0705
1887 1941         43421.6621
1887 1822         28736.5708
1887 1944          53190.182
1888 2053         94176.2834
1888 1959         92841.0057
1888 1857         49046.6412
1888 2005         61683.6949
1888 1856         83750.9354
1888 1851         29966.6189
1888 1950         60822.0745
1888 1890         50601.9895
1888 1953         32765.4473
1888 1964         83141.1778
1890 1855         73944.3964
1890 1892         72635.2806
1890 1851         72444.7355
1890 1888         50601.9895
1890 2005         65996.6386
1890 1961         53481.3484
1890 1857          33501.482
1890 1953          48809.786
1890 1856         36158.8661
1890 1964         50334.3799
1891 1922         65335.8714
1891 1983         63370.6081
1891 1932          46599.109
1891 1973         53655.7811
1891 1840         60399.8588
1891 1907         30105.5661
1891 1834         41610.1115
1891 1836         33686.3966
1891 1830         39052.2083
1891 1902         53814.3365
1892 1989         78432.2276
1892 1890         72635.2806
1892 1925         73800.2158
1892 1859         72038.8808
1892 2003         62577.3498
1892 1855         32710.4312
1892 1854         43523.8537
1892 1856         39220.3737
1892 1927         34069.5323
1892 1961         50064.0395
1893 1818         59181.6066
1893 1982         56807.2699
1893 1872         38056.9048
1893 1940         38086.3645
1893 1886         45912.6228
1893 1930         26712.8578
1893 1865         21314.4375
1893 1843         33747.2962
1893 1921         26640.0267
1893 1808         45891.1473
1894 1941         66446.4063
1894 1962         62019.2235
1894 1833         52940.8396
1894 1822         50365.4677
1894 1974         59487.5922
1894 1897         42920.5662
1894 1887         37219.0705
1894 1942         34322.4742
1894 1831         30624.0077
1894 1945         37603.8203
1896 1802         61762.7855
1896 1920         61370.0911
1896 1847         56855.5107
1896 1975         44694.5682
1896 1971         57311.4485
1896 1878         26631.0698
1896 1882         39559.9309
1896 1949         37923.3108
1896 1876         27413.9143
1896 1798         51046.0332
1897 1942         70588.5445
1897 1967         63518.3792
1897 1894         42920.5662
1897 1832         53929.7623
1897 1901         59828.4109
1897 1898         35030.4485
1897 1945         49783.5876
1897 1962          40972.612
1897 1831         54653.1813
1897 1833         35993.9259
1898 1834         73120.6722
1898 2020         66326.7334
1898 1832         40061.4959
1898 1962         52166.1919
1898 1835         54568.2881
1898 1897         35030.4485
1898 1902         47071.6038
1898 1967         40109.1946
1898 1901         25054.9154
1898 1833          52201.658
1899 1840         64479.9899
1899 1978         63836.5077
1899 1956         45128.7442
1899 1826         55766.5318
1899 1922         58357.5125
1899 1931         27577.2946
1899 1881         34811.5475
1899 1875         50697.5786
1899 1829          49740.341
1899 1827         33508.3937
1900 1861         107991.051
1900 2058         96676.6116
1900 1924         90904.8357
1900 1860         73072.3634
1900 2052         87295.8042
1900 1993         82769.1159
1900 1858         39791.2961
1900 1995         43733.8734
1900 1884          44754.069
1900 1992         59981.8475
1901 1833         69886.4165
1901 2020         65089.2963
1901 1897         59828.4109
1901 1967         41632.8648
1901 1932         52040.0744
1901 1898         25054.9154
1901 1834         50236.3176
1901 1902         22237.7265
1901 1835         39585.1237
1901 1832         42481.4372
1902 2020         67708.5512
1902 1832         57923.4843
1902 1891         53814.3365
1902 1834         36289.1433
1902 1836         56261.1093
1902 1898         47071.6038
1902 1967         50501.7822
1902 1932         34036.6443
1902 1901         22237.7265
1902 1835          41122.872
1903 1847         67947.6498
1903 1979         62361.7519
1903 1844         62937.5633
1903 1906         43983.6671
1903 1981         55851.4687
1903 1846         38546.2677
1903 1988         43873.6996
1903 1920         43652.5634
1903 1951         27646.0367
1903 1845         44187.8807
1906 1988         72087.7308
1906 2014         68537.5395
1906 1845         40865.0319
1906 1981         53766.7723
1906 1846         68357.3403
1906 1951         36589.8993
1906 1844         31499.2951
1906 1903         43983.6671
1906 1959         38479.7315
1906 1950         66615.1602
1907 2023         67568.7205
1907 1932         63660.9211
1907 1836         58884.5092
1907 1830         49787.0158
1907 1983         60865.9046
1907 1840         44194.8873
1907 1891         30105.5661
1907 1922         35836.3462
1907 1973         29949.0804
1907 2010         60500.2571
1908 1814         59523.4957
1908 1935         55168.6032
1908 1963         44367.0282
1908 1909         44717.4849
1908 1815         49139.7014
1908 1966         34233.6677
1908 1943         44021.9972
1908 1866         33548.7612
1908 1885         27590.9543
1908 1871         48767.9331
1909 1966          59406.407
1909 1813         55558.3876
1909 1872         55475.9996
1909 1910         32272.9891
1909 1814         51968.6409
1909 1871         25398.3173
1909 1908         44717.4849
1909 1943         30882.5867
1909 1880         24390.4852
1909 1866         44440.9899
1910 1982         64103.8848
1910 2007         59754.1518
1910 1818         59358.1081
1910 1943          39726.438
1910 1871         52428.8189
1910 1872         37174.3494
1910 1880         35238.7063
1910 1940         38204.8571
1910 1909         32272.9891
1910 1990         43396.6293
1913 1837         51057.5228
1913 1996         50953.8227
1913 1935         44583.3367
1913 1820         47729.8437
1913 1883         49714.4128
1913 1877         37540.3218
1913 1929         41164.4523
1913 1976          38541.687
1913 1991          42954.807
1913 1977         48729.6019
1920 1975         64708.0067
1920 2022         62821.6497
1920 1846         43067.2556
1920 1971         51503.3664
1920 1896         61370.0911
1920 1878         35914.6499
1920 1847         41825.0329
1920 1903         43652.5634
1920 1979          35736.142
1920 1988          53417.029
1921 1982         55286.1289
1921 1940         51837.1013
1921 1874         49019.8856
1921 1893         26640.0267
1921 1952         50813.1524
1921 1843         31980.4286
1921 1865          44172.566
1921 1886         23020.1042
1921 1930         18164.1656
1921 1958         38260.6798
1922 1830         71711.5451
1922 1891         65335.8714
1922 1931         45344.4418
1922 1899         58357.5125
1922 1826         60019.8308
1922 1978         40820.5218
1922 1907         35836.3462
1922 1840         38979.3704
1922 1973         37570.0678
1922 2010         48028.0376
1923 1928         54670.5071
1923 1848         53701.6593
1923 1838         44118.4721
1923 1879         45326.0808
1923 1977         46703.7931
1923 1970          33602.272
1923 1883         35172.1299
1923 1929         34652.4698
1923 1955         28210.9071
1923 1870         31922.7137
1924 2047         86922.2252
1924 1992         76484.1315
1924 1859         61712.8025
1924 1925         46767.5834
1924 1989         74126.5089
1924 1884         47094.0497
1924 1860         54655.8763
1924 1861         44297.2426
1924 1993          44842.245
1924 1999         55195.4815
1925 2003         74065.1474
1925 2047         72328.2061
1925 1892         73800.2158
1925 1854         52561.2685
1925 1999         59875.0905
1925 1927         49502.3506
1925 1861         56144.1793
1925 1924         46767.5834
1925 1859         39381.2514
1925 1989         40533.4459
1926 2028         59519.9668
1926 1921         56358.0579
1926 1819         53998.6812
1926 1868         44738.8861
1926 1958         54517.5889
1926 1952         26657.8831
1926 1944         33593.1608
1926 1886         36842.7771
1926 1874         33629.5103
1926 1980         43855.5483
1927 2032         76581.5957
1927 1856         69141.2129
1927 1855          65116.427
1927 1925         49502.3506
1927 1859         65717.0707
1927 1961         54854.7289
1927 1989         44478.6239
1927 1892         34069.5323
1927 2003         37672.4308
1927 1854         49788.9392
1928 1870         61266.5159
1928 1970         60373.9619
1928 2004         49350.5019
1928 1938         44078.9241
1928 1923         54670.5071
1928 1879         35822.4132
1928 1873         48824.2652
1928 1955         31836.2512
1928 2006         36270.3198
1928 2002           51643.68
1929 1870         57731.6701
1929 1955         56552.5308
1929 1991         42680.5891
1929 1913         41164.4523
1929 1838         51578.5515
1929 1923         34652.4698
1929 1970          39823.338
1929 1977         24953.5318
1929 1883         24173.3545
1929 1837         48842.0612
1930 1872         57642.9051
1930 1952          57206.305
1930 1865         47955.4771
1930 1940         36220.0702
1930 1843         47346.5648
1930 1958         33852.8249
1930 1921         18164.1656
1930 1893         26712.8578
1930 1886         40192.1909
1930 1982         37463.9588
1931 1826         71028.5272
1931 1840         68162.5894
1931 1881          56686.017
1931 1998         55931.3411
1931 2010         65437.9466
1931 1956         47783.0992
1931 1922         45344.4418
1931 1899         27577.2946
1931 1978         37038.5219
1931 1827         59594.3038
1932 1973         67105.4004
1932 2020         58894.7105
1932 1907         63660.9211
1932 1891          46599.109
1932 1834         57489.1986
1932 1967         55742.2115
1932 1901         52040.0744
1932 1902         34036.6443
1932 1983         39919.3807
1932 2024         50651.4718
1935 1966         56808.5771
1935 2008          51542.457
1935 1908         55168.6032
1935 1976         45425.5407
1935 2011          48043.546
1935 1885         41230.4211
1935 1877         33483.6432
1935 1913         44583.3367
1935 1963         22896.5456
1935 1996         45066.2864
1938 2009         67365.9754
1938 2006         57802.6639
1938 1879         61515.3072
1938 1928         44078.9241
1938 1882         50293.1548
1938 1949         53138.8454
1938 1864         44018.4054
1938 1873         31735.3354
1938 1972         34245.1323
1938 2002          48223.561
1940 1958         62980.4935
1940 2041         61230.4255
1940 1910         38204.8571
1940 1990         41790.9293
1940 1865         52371.3287
1940 1893         38086.3645
1940 1872         37827.2139
1940 1930         36220.0702
1940 1982         31719.8304
1940 1921         51837.1013
1941 2035         62154.7859
1941 1945         60104.7453
1941 1887         43421.6621
1941 1980         34979.6536
1941 2036         54820.2294
1941 1974         36866.1586
1941 1944         30175.0528
1941 1942         32800.5172
1941 2028         47826.0702
1941 1868         51469.4214
1942 1868          63744.601
1942 2036         60087.7182
1942 1894         34322.4742
1942 1944         57235.1704
1942 1831          59738.425
1942 1941         32800.5172
1942 1945          33731.852
1942 1822         55783.8473
1942 1887         27869.4642
1942 1974         32114.5709
1943 1866         63127.9081
1943 2050         56014.9078
1943 1880         53811.6787
1943 1908         44021.9972
1943 1990         55286.5415
1943 1909         30882.5867
1943 2007         33611.0929
1943 1910          39726.438
1943 1966         37732.2147
1943 1871         54588.9826
1944 1821         64131.4974
1944 1874         57963.0302
1944 1887          53190.182
1944 2028         48540.8108
1944 1942         57235.1704
1944 1926         33593.1608
1944 1941         30175.0528
1944 1980         28867.4917
1944 1868         31811.0727
1944 1952         51433.4404
1945 1941         60104.7453
1945 2038          58527.452
1945 1887         57877.2997
1945 1897         49783.5876
1945 2036         54774.9615
1945 1962         37895.6679
1945 1974         32957.5195
1945 1894         37603.8203
1945 1942          33731.852
1945 2039         53106.5553
1949 1971         61599.1623
1949 1876         57896.0043
1949 1864         61328.1144
1949 1882         39654.3064
1949 1972         41706.5088
1949 1878           61132.41
1949 1938         53138.8454
1949 1975         39039.7172
1949 1896         37923.3108
1949 2009         30471.5098
1950 1851         74359.7055
1950 1981          72337.665
1950 2005         59211.3755
1950 2042         64592.5712
1950 1906         66615.1602
1950 2014         40696.1051
1950 1959         38172.1898
1950 1888         60822.0745
1950 1953         53410.2811
1950 2055         65185.6584
1951 1846         65819.9878
1951 1920         64845.9164
1951 1845          60009.628
1951 1959         44963.9705
1951 2014         64509.3082
1951 1903         27646.0367
1951 1906         36589.8993
1951 1981         28718.0062
1951 1988         35675.5313
1951 2022          64440.308
1952 1874         53356.6142
1952 2028         52627.3357
1952 1944         51433.4404
1952 1921         50813.1524
1952 2026         48190.2355
1952 1886         41417.9647
1952 1926         26657.8831
1952 1958         32031.6975
1952 2021          43168.887
1952 1980         45303.2798
1953 1856          84780.008
1953 2055         75636.7746
1953 1857         66504.0469
1953 1964         58622.8275
1953 1851         62266.2396
1953 1950         53410.2811
1953 1888         32765.4473
1953 1890          48809.786
1953 2005          29040.753
1953 2053         61413.8885
1955 1977         57192.5117
1955 2030           55550.07
1955 1929         56552.5308
1955 2004          35090.111
1955 1870         49859.5372
1955 1970         29663.9547
1955 1879         42882.6487
1955 1928         31836.2512
1955 1923         28210.9071
1955 2006         48228.3886
1956 1827         70688.1044
1956 1829         70154.8903
1956 1842         59746.0675
1956 1899         45128.7442
1956 1998         60530.4889
1956 1931         47783.0992
1956 1957         33157.9896
1956 2093         43552.7445
1956 1881         36356.8632
1956 1875         44078.2581
1957 1931         80936.5166
1957 1899         75112.6735
1957 1828         66259.0279
1957 1994         55068.3186
1957 1825         67537.7427
1957 1842         56945.1778
1957 1956         33157.9896
1957 1881         52391.0941
1957 2093         30104.2977
1957 1875         49140.6111
1958 2026         59193.1521
1958 1926         54517.5889
1958 2065         45832.6522
1958 1982          44487.271
1958 2041         54470.0979
1958 1921         38260.6798
1958 1930         33852.8249
1958 1952         32031.6975
1958 2021          32828.608
1958 1886         45469.2403
1959 1988         74010.8612
1959 1903         68564.4588
1959 1844         64880.6359
1959 1906         38479.7315
1959 2042         67642.1987
1959 1951         44963.9705
1959 1950         38172.1898
1959 2014         30457.9618
1959 1981         36993.4699
1959 2063         65411.3571
1961 1857         82300.2863
1961 1855         74407.4425
1961 1890         53481.3484
1961 1927         54854.7289
1961 2054         68503.7606
1961 1856         47096.6778
1961 1892         50064.0395
1961 2003         47170.6647
1961 1964         35688.0687
1961 2032         55965.8204
1962 1974         65432.5788
1962 1894         62019.2235
1962 2020         62991.8599
1962 2038         43083.8627
1962 2039         59546.8114
1962 1967         49719.6797
1962 1898         52166.1919
1962 1945         37895.6679
1962 1897          40972.612
1962 2034         53453.0488
1963 2050         61440.9978
1963 1976          57451.768
1963 1996         51070.1803
1963 2011         44309.6277
1963 1877         53714.1985
1963 2008         33117.6164
1963 1885         43410.2293
1963 1935         22896.5456
1963 1966          35221.062
1963 1908         44367.0282
1964 2104         77311.1077
1964 2003         73915.1945
1964 2032         61371.9872
1964 2005         50021.2651
1964 1856         66786.6632
1964 1890         50334.3799
1964 1961         35688.0687
1964 2054         46022.7618
1964 2053         52927.0683
1964 1953         58622.8275
1966 2082         63097.0703
1966 1909          59406.407
1966 1885         53932.2632
1966 2008         40144.7011
1966 1935         56808.5771
1966 2007         45462.7367
1966 2050         39011.8871
1966 1943         37732.2147
1966 1963          35221.062
1966 1908         34233.6677
1967 2038         71797.0264
1967 1897         63518.3792
1967 1932         55742.2115
1967 1901         41632.8648
1967 2024         50857.6619
1967 1962         49719.6797
1967 1902         50501.7822
1967 1898         40109.1946
1967 2020         26226.0513
1967 2034         47947.4082
1970 1928         60373.9619
1970 1883         56979.7278
1970 1991         52440.4087
1970 2025         46865.4372
1970 1929          39823.338
1970 2004         34209.5279
1970 2030         32485.2144
1970 1977         30013.0683
1970 1955         29663.9547
1970 1923          33602.272
1971 1949         61599.1623
1971 1896         57311.4485
1971 2009         56331.7481
1971 2022         50303.8738
1971 1878         51646.3377
1971 2057          45226.811
1971 2040         49038.3264
1971 1979         25933.3288
1971 1975         23067.7216
1971 1920         51503.3664
1972 1873         65795.8698
1972 1928         64505.6713
1972 2006         57023.5674
1972 2048         53405.8471
1972 1882         64041.7396
1972 1949         41706.5088
1972 2002         32537.6849
1972 2009         39389.0896
1972 1938         34245.1323
1972 2049         46059.8391
1973 1932         67105.4004
1973 1840         66418.3672
1973 2023         38942.3752
1973 1891         53655.7811
1973 2059         57917.0651
1973 1922         37570.0678
1973 1907         29949.0804
1973 2010         32891.0208
1973 1978         51190.0564
1973 1983         45469.7099
1974 1962         65432.5788
1974 1894         59487.5922
1974 1980         63106.3682
1974 2039         43537.8305
1974 1887         59098.0497
1974 2035         51961.0645
1974 1941         36866.1586
1974 1945         32957.5195
1974 2036         28179.9231
1974 1942         32114.5709
1975 1920         64708.0067
1975 2048          63058.075
1975 2057         57811.1782
1975 2040         44929.4411
1975 1878         50504.6852
1975 1949         39039.7172
1975 1979         47833.8439
1975 1971         23067.7216
1975 2009         35533.6902
1975 1896         44694.5682
1976 1963          57451.768
1976 2046         51728.8549
1976 2025          51238.017
1976 2072         50566.9499
1976 1977         48266.2922
1976 1991         25405.2433
1976 2011         34579.0406
1976 1996         14608.1296
1976 1935         45425.5407
1976 1913          38541.687
1977 1955         57192.5117
1977 1883         49031.1545
1977 2030         42871.6293
1977 1976         48266.2922
1977 1913         48729.6019
1977 1929         24953.5318
1977 1970         30013.0683
1977 2025         36030.7173
1977 1991         24485.7265
1977 1923         46703.7931
1978 1907         69367.9801
1978 2085         63790.2953
1978 1899         63836.5077
1978 2059          46733.295
1978 2023         63070.9432
1978 1931         37038.5219
1978 1998         49001.4606
1978 2010         29969.8931
1978 1922         40820.5218
1978 1973         51190.0564
1979 1896         69955.5145
1979 1903         62361.7519
1979 1878         53914.0517
1979 2057         53532.3646
1979 2066         55399.7329
1979 1988          41260.588
1979 2022         33150.7062
1979 1975         47833.8439
